[(0.63, 84000, 9), (0.64, 136000, 7), (0.65, 60000, 4)], ,[(0.66, 128000, 15), (0.67, 144000, 11), (0.68, 152000, 24)]
[(0.63, 84000, 9), (0.64, 136000, 7), (0.65, 60000, 4)], ,[(0.66, 128000, 15), (0.67, 144000, 11), (0.68, 168000, 25)]
[(0.63, 84000, 9), (0.64, 136000, 7), (0.65, 56000, 4)], ,[(0.66, 128000, 15), (0.67, 144000, 11), (0.68, 168000, 25)]
[0.65, 4000, 'SELL'] 1
[(0.63, 84000, 9), (0.64, 136000, 7), (0.65, 56000, 4)], ,[(0.66, 128000, 15), (0.67, 144000, 11), (0.68, 168000, 25)]
[(0.63, 84000, 9), (0.64, 136000, 7), (0.65, 56000, 4)], ,[(0.66, 128000, 15), (0.67, 144000, 11), (0.68, 168000, 25)]
[(0.63, 84000, 9), (0.64, 136000, 7), (0.65, 56000, 4)], ,[(0.66, 128000, 15), (0.67, 144000, 11), (0.68, 168000, 25)]
[(0.63, 84000, 9), (0.64, 136000, 7), (0.65, 56000, 4)], ,[(0.66, 128000, 15), (0.67, 172000, 12), (0.68, 168000, 25)]
[(0.63, 84000, 9), (0.64, 136000, 7), (0.65, 60000, 5)], ,[(0.66, 128000, 15), (0.67, 172000, 12), (0.68, 168000, 25)]
[(0.63, 84000, 9), (0.64, 136000, 7), (0.65, 60000, 5)], ,[(0.66, 128000, 15), (0.67, 172000, 12), (0.68, 164000, 24)]
[(0.63, 84000, 9), (0.64, 136000, 7), (0.65, 60000, 5)], ,[(0.66, 128000, 15), (0.67, 172000, 12), (0.68, 168000, 25)]
[(0.63, 84000, 9), (0.64, 136000, 7), (0.65, 60000, 5)], ,[(0.66, 132000, 16), (0.67, 172000, 12), (0.68, 168000, 25)]
[(0.63, 80000, 8), (0.64, 136000, 7), (0.65, 60000, 5)], ,[(0.66, 132000, 16), (0.67, 172000, 12), (0.68, 168000, 25)]
[(0.63, 80000, 8), (0.64, 176000, 8), (0.65, 60000, 5)], ,[(0.66, 132000, 16), (0.67, 172000, 12), (0.68, 168000, 25)]
[(0.63, 80000, 8), (0.64, 176000, 8), (0.65, 24000, 4)], ,[(0.66, 132000, 16), (0.67, 172000, 12), (0.68, 168000, 25)]
[0.65, 36000, 'SELL'] 1
[(0.63, 80000, 8), (0.64, 176000, 8), (0.65, 24000, 4)], ,[(0.66, 132000, 16), (0.67, 172000, 12), (0.68, 200000, 26)]
[(0.63, 80000, 8), (0.64, 176000, 8), (0.65, 20000, 3)], ,[(0.66, 132000, 16), (0.67, 172000, 12), (0.68, 200000, 26)]
[(0.63, 80000, 8), (0.64, 176000, 8), (0.65, 20000, 3)], ,[(0.66, 136000, 17), (0.67, 172000, 12), (0.68, 200000, 26)]
[(0.63, 80000, 8), (0.64, 176000, 8), (0.65, 8000, 2)], ,[(0.66, 136000, 17), (0.67, 172000, 12), (0.68, 200000, 26)]
[(0.63, 80000, 8), (0.64, 176000, 8), (0.65, 4000, 1)], ,[(0.66, 132000, 16), (0.67, 172000, 12), (0.68, 200000, 26)]
[0.65, 4000, 'SELL'] 1
[(0.62, 112000, 7), (0.63, 80000, 8), (0.64, 176000, 8)], ,[(0.65, 8000, 1), (0.66, 132000, 16), (0.67, 172000, 12)]
[0.65, 4000, 'SELL'] 1
[(0.62, 112000, 7), (0.63, 80000, 8), (0.64, 176000, 8)], ,[(0.66, 132000, 16), (0.67, 172000, 12), (0.68, 200000, 26)]
[0.65, 8000, 'BUY'] 1
[(0.63, 80000, 8), (0.64, 176000, 8), (0.65, 8000, 1)], ,[(0.66, 132000, 16), (0.67, 172000, 12), (0.68, 200000, 26)]
[(0.63, 80000, 8), (0.64, 176000, 8), (0.65, 12000, 2)], ,[(0.66, 132000, 16), (0.67, 172000, 12), (0.68, 200000, 26)]
[(0.63, 80000, 8), (0.64, 176000, 8), (0.65, 12000, 2)], ,[(0.66, 128000, 15), (0.67, 172000, 12), (0.68, 200000, 26)]
[(0.63, 80000, 8), (0.64, 176000, 8), (0.65, 8000, 2)], ,[(0.66, 128000, 15), (0.67, 172000, 12), (0.68, 200000, 26)]
[0.65, 4000, 'SELL'] 1
[(0.63, 80000, 8), (0.64, 176000, 8), (0.65, 8000, 2)], ,[(0.66, 132000, 16), (0.67, 172000, 12), (0.68, 200000, 26)]
[(0.63, 80000, 8), (0.64, 176000, 8), (0.65, 4000, 1)], ,[(0.66, 132000, 16), (0.67, 172000, 12), (0.68, 200000, 26)]
[0.65, 4000, 'SELL'] 1
[(0.63, 80000, 8), (0.64, 176000, 8), (0.65, 4000, 1)], ,[(0.66, 132000, 16), (0.67, 176000, 13), (0.68, 200000, 26)]
[(0.62, 112000, 7), (0.63, 80000, 8), (0.64, 176000, 8)], ,[(0.66, 132000, 16), (0.67, 176000, 13), (0.68, 200000, 26)]
[0.65, 4000, 'SELL'] 1
[(0.62, 112000, 7), (0.63, 80000, 8), (0.64, 176000, 8)], ,[(0.66, 128000, 15), (0.67, 176000, 13), (0.68, 200000, 26)]
[(0.62, 112000, 7), (0.63, 80000, 8), (0.64, 172000, 8)], ,[(0.66, 128000, 15), (0.67, 176000, 13), (0.68, 200000, 26)]
[0.64, 4000, 'SELL'] 1
[(0.62, 112000, 7), (0.63, 80000, 8), (0.64, 172000, 8)], ,[(0.65, 4000, 1), (0.66, 128000, 15), (0.67, 176000, 13)]
[(0.62, 112000, 7), (0.63, 80000, 8), (0.64, 172000, 8)], ,[(0.65, 4000, 1), (0.66, 124000, 14), (0.67, 176000, 13)]
[(0.62, 112000, 7), (0.63, 80000, 8), (0.64, 172000, 8)], ,[(0.65, 8000, 2), (0.66, 124000, 14), (0.67, 176000, 13)]
[(0.62, 112000, 7), (0.63, 80000, 8), (0.64, 172000, 8)], ,[(0.66, 124000, 14), (0.67, 176000, 13), (0.68, 200000, 26)]
[0.65, 8000, 'BUY'] 1
[(0.62, 112000, 7), (0.63, 80000, 8), (0.64, 172000, 8)], ,[(0.65, 4000, 1), (0.66, 124000, 14), (0.67, 176000, 13)]
[(0.63, 80000, 8), (0.64, 172000, 8), (0.65, 4000, 1)], ,[(0.66, 124000, 14), (0.67, 176000, 13), (0.68, 200000, 26)]
[0.65, 4000, 'BUY'] 1
[(0.63, 80000, 8), (0.64, 172000, 8), (0.65, 4000, 1)], ,[(0.66, 124000, 14), (0.67, 176000, 13), (0.68, 204000, 27)]
[(0.62, 112000, 7), (0.63, 80000, 8), (0.64, 172000, 8)], ,[(0.66, 124000, 14), (0.67, 176000, 13), (0.68, 204000, 27)]
[0.65, 4000, 'SELL'] 1
[(0.62, 112000, 7), (0.63, 80000, 8), (0.64, 172000, 8)], ,[(0.65, 4000, 1), (0.66, 124000, 14), (0.67, 176000, 13)]
[(0.62, 112000, 7), (0.63, 80000, 8), (0.64, 172000, 8)], ,[(0.66, 124000, 14), (0.67, 176000, 13), (0.68, 204000, 27)]
[0.65, 4000, 'BUY'] 1
[(0.62, 112000, 7), (0.63, 80000, 8), (0.64, 172000, 8)], ,[(0.66, 128000, 15), (0.67, 176000, 13), (0.68, 204000, 27)]
[(0.62, 112000, 7), (0.63, 80000, 8), (0.64, 172000, 8)], ,[(0.65, 4000, 1), (0.66, 128000, 15), (0.67, 176000, 13)]
[(0.63, 80000, 8), (0.64, 172000, 8), (0.65, 4000, 1)], ,[(0.66, 128000, 15), (0.67, 176000, 13), (0.68, 204000, 27)]
[0.65, 4000, 'BUY'] 1
[(0.63, 80000, 8), (0.64, 172000, 8), (0.65, 44000, 2)], ,[(0.66, 128000, 15), (0.67, 176000, 13), (0.68, 204000, 27)]
[(0.63, 80000, 8), (0.64, 172000, 8), (0.65, 44000, 2)], ,[(0.66, 128000, 15), (0.67, 176000, 13), (0.68, 200000, 26)]
[(0.63, 80000, 8), (0.64, 172000, 8), (0.65, 44000, 2)], ,[(0.66, 132000, 16), (0.67, 176000, 13), (0.68, 200000, 26)]
[(0.63, 80000, 8), (0.64, 172000, 8), (0.65, 4000, 1)], ,[(0.66, 132000, 16), (0.67, 176000, 13), (0.68, 200000, 26)]
[(0.62, 112000, 7), (0.63, 80000, 8), (0.64, 172000, 8)], ,[(0.66, 132000, 16), (0.67, 176000, 13), (0.68, 200000, 26)]
[0.65, 4000, 'SELL'] 1
[(0.63, 80000, 8), (0.64, 172000, 8), (0.65, 40000, 1)], ,[(0.66, 132000, 16), (0.67, 176000, 13), (0.68, 200000, 26)]
[(0.63, 80000, 8), (0.64, 172000, 8), (0.65, 36000, 1)], ,[(0.66, 132000, 16), (0.67, 176000, 13), (0.68, 200000, 26)]
[0.65, 4000, 'SELL'] 1
[(0.63, 80000, 8), (0.64, 172000, 8), (0.65, 32000, 1)], ,[(0.66, 132000, 16), (0.67, 176000, 13), (0.68, 200000, 26)]
[0.65, 4000, 'SELL'] 1
[(0.63, 80000, 8), (0.64, 204000, 9), (0.65, 32000, 1)], ,[(0.66, 132000, 16), (0.67, 176000, 13), (0.68, 200000, 26)]
[(0.63, 80000, 8), (0.64, 204000, 9), (0.65, 28000, 1)], ,[(0.66, 132000, 16), (0.67, 176000, 13), (0.68, 200000, 26)]
[0.65, 4000, 'SELL'] 1
[(0.63, 80000, 8), (0.64, 204000, 9), (0.65, 24000, 1)], ,[(0.66, 132000, 16), (0.67, 176000, 13), (0.68, 200000, 26)]
[0.65, 4000, 'SELL'] 1
[(0.63, 80000, 8), (0.64, 204000, 9), (0.65, 24000, 1)], ,[(0.66, 132000, 16), (0.67, 176000, 13), (0.68, 200000, 26)]
[(0.63, 80000, 8), (0.64, 204000, 9), (0.65, 20000, 1)], ,[(0.66, 132000, 16), (0.67, 176000, 13), (0.68, 200000, 26)]
[0.65, 4000, 'SELL'] 1
[(0.63, 80000, 8), (0.64, 204000, 9), (0.65, 16000, 1)], ,[(0.66, 128000, 15), (0.67, 176000, 13), (0.68, 200000, 26)]
[0.65, 4000, 'SELL'] 1
[(0.63, 80000, 8), (0.64, 204000, 9), (0.65, 12000, 1)], ,[(0.66, 128000, 15), (0.67, 176000, 13), (0.68, 200000, 26)]
[0.65, 4000, 'SELL'] 1
[(0.63, 80000, 8), (0.64, 204000, 9), (0.65, 8000, 1)], ,[(0.66, 128000, 15), (0.67, 176000, 13), (0.68, 196000, 25)]
[0.65, 4000, 'SELL'] 1
[(0.63, 84000, 9), (0.64, 204000, 9), (0.65, 8000, 1)], ,[(0.66, 128000, 15), (0.67, 176000, 13), (0.68, 196000, 25)]
[(0.63, 84000, 9), (0.64, 224000, 10), (0.65, 8000, 1)], ,[(0.66, 128000, 15), (0.67, 176000, 13), (0.68, 196000, 25)]
[(0.63, 84000, 9), (0.64, 224000, 10), (0.65, 8000, 1)], ,[(0.66, 128000, 15), (0.67, 172000, 12), (0.68, 196000, 25)]
[(0.63, 84000, 9), (0.64, 224000, 10), (0.65, 8000, 1)], ,[(0.66, 132000, 16), (0.67, 172000, 12), (0.68, 196000, 25)]
[(0.63, 84000, 9), (0.64, 224000, 10), (0.65, 8000, 1)], ,[(0.66, 132000, 16), (0.67, 172000, 12), (0.68, 196000, 25)]
[(0.63, 84000, 9), (0.64, 224000, 10), (0.65, 28000, 2)], ,[(0.66, 132000, 16), (0.67, 172000, 12), (0.68, 196000, 25)]
[(0.63, 84000, 9), (0.64, 204000, 9), (0.65, 28000, 2)], ,[(0.66, 132000, 16), (0.67, 172000, 12), (0.68, 196000, 25)]
[(0.62, 112000, 7), (0.63, 84000, 9), (0.64, 204000, 9)], ,[(0.65, 12000, 1), (0.66, 132000, 16), (0.67, 172000, 12)]
[0.65, 28000, 'SELL'] 1
[(0.62, 112000, 7), (0.63, 84000, 9), (0.64, 204000, 9)], ,[(0.65, 16000, 2), (0.66, 132000, 16), (0.67, 172000, 12)]
[(0.62, 112000, 7), (0.63, 84000, 9), (0.64, 204000, 9)], ,[(0.65, 12000, 2), (0.66, 132000, 16), (0.67, 172000, 12)]
[0.65, 4000, 'BUY'] 1
[(0.62, 112000, 7), (0.63, 84000, 9), (0.64, 284000, 10)], ,[(0.65, 12000, 2), (0.66, 132000, 16), (0.67, 172000, 12)]
[(0.62, 112000, 7), (0.63, 84000, 9), (0.64, 284000, 10)], ,[(0.65, 8000, 2), (0.66, 132000, 16), (0.67, 172000, 12)]
[0.65, 4000, 'BUY'] 1
[(0.62, 112000, 7), (0.63, 84000, 9), (0.64, 284000, 10)], ,[(0.65, 8000, 2), (0.66, 136000, 17), (0.67, 172000, 12)]
[(0.62, 112000, 7), (0.63, 84000, 9), (0.64, 284000, 10)], ,[(0.66, 136000, 17), (0.67, 172000, 12), (0.68, 196000, 25)]
[0.65, 8000, 'BUY'] 1
[(0.63, 84000, 9), (0.64, 284000, 10), (0.65, 8000, 1)], ,[(0.66, 136000, 17), (0.67, 172000, 12), (0.68, 196000, 25)]
[(0.63, 84000, 9), (0.64, 284000, 10), (0.65, 4000, 1)], ,[(0.66, 136000, 17), (0.67, 172000, 12), (0.68, 196000, 25)]
[0.65, 4000, 'SELL'] 1
[(0.63, 84000, 9), (0.64, 284000, 10), (0.65, 4000, 1)], ,[(0.66, 136000, 17), (0.67, 172000, 12), (0.68, 192000, 24)]
[(0.62, 112000, 7), (0.63, 84000, 9), (0.64, 284000, 10)], ,[(0.66, 136000, 17), (0.67, 172000, 12), (0.68, 192000, 24)]
[0.65, 4000, 'SELL'] 1
[(0.62, 112000, 7), (0.63, 84000, 9), (0.64, 284000, 10)], ,[(0.66, 132000, 16), (0.67, 172000, 12), (0.68, 192000, 24)]
[(0.62, 112000, 7), (0.63, 84000, 9), (0.64, 284000, 10)], ,[(0.65, 4000, 1), (0.66, 132000, 16), (0.67, 172000, 12)]
[(0.62, 112000, 7), (0.63, 84000, 9), (0.64, 284000, 10)], ,[(0.65, 4000, 1), (0.66, 132000, 16), (0.67, 172000, 12)]
[(0.62, 112000, 7), (0.63, 84000, 9), (0.64, 284000, 10)], ,[(0.65, 4000, 1), (0.66, 128000, 15), (0.67, 172000, 12)]
[(0.63, 84000, 9), (0.64, 284000, 10), (0.65, 20000, 1)], ,[(0.66, 128000, 15), (0.67, 172000, 12), (0.68, 196000, 25)]
[0.65, 4000, 'BUY'] 1
[(0.63, 84000, 9), (0.64, 284000, 10), (0.65, 16000, 1)], ,[(0.66, 128000, 15), (0.67, 172000, 12), (0.68, 196000, 25)]
[0.65, 4000, 'SELL'] 1
[(0.63, 84000, 9), (0.64, 284000, 10), (0.65, 16000, 1)], ,[(0.66, 128000, 15), (0.67, 176000, 13), (0.68, 196000, 25)]
[(0.63, 84000, 9), (0.64, 284000, 10), (0.65, 16000, 1)], ,[(0.66, 132000, 16), (0.67, 176000, 13), (0.68, 196000, 25)]
[(0.63, 84000, 9), (0.64, 284000, 10), (0.65, 12000, 1)], ,[(0.66, 132000, 16), (0.67, 176000, 13), (0.68, 196000, 25)]
[0.65, 4000, 'SELL'] 1
[(0.63, 84000, 9), (0.64, 284000, 10), (0.65, 8000, 1)], ,[(0.66, 132000, 16), (0.67, 176000, 13), (0.68, 196000, 25)]
[0.65, 4000, 'SELL'] 1
[(0.63, 84000, 9), (0.64, 284000, 10), (0.65, 4000, 1)], ,[(0.66, 132000, 16), (0.67, 176000, 13), (0.68, 196000, 25)]
[0.65, 4000, 'SELL'] 1
[(0.63, 84000, 9), (0.64, 284000, 10), (0.65, 4000, 1)], ,[(0.66, 132000, 16), (0.67, 176000, 13), (0.68, 196000, 25)]
[(0.63, 84000, 9), (0.64, 284000, 10), (0.65, 4000, 1)], ,[(0.66, 132000, 16), (0.67, 176000, 13), (0.68, 192000, 24)]
[(0.63, 84000, 9), (0.64, 284000, 10), (0.65, 4000, 1)], ,[(0.66, 128000, 15), (0.67, 176000, 13), (0.68, 192000, 24)]
[(0.62, 116000, 8), (0.63, 84000, 9), (0.64, 284000, 10)], ,[(0.66, 128000, 15), (0.67, 176000, 13), (0.68, 192000, 24)]
[0.65, 4000, 'SELL'] 1
[(0.62, 116000, 8), (0.63, 84000, 9), (0.64, 284000, 10)], ,[(0.65, 4000, 1), (0.66, 128000, 15), (0.67, 176000, 13)]
[(0.62, 116000, 8), (0.63, 84000, 9), (0.64, 284000, 10)], ,[(0.65, 8000, 2), (0.66, 128000, 15), (0.67, 176000, 13)]
[(0.62, 116000, 8), (0.63, 84000, 9), (0.64, 284000, 10)], ,[(0.65, 12000, 3), (0.66, 128000, 15), (0.67, 176000, 13)]
[(0.62, 116000, 8), (0.63, 84000, 9), (0.64, 284000, 10)], ,[(0.65, 12000, 3), (0.66, 128000, 15), (0.67, 176000, 13)]
[(0.63, 84000, 9), (0.64, 284000, 10), (0.65, 16000, 1)], ,[(0.66, 128000, 15), (0.67, 176000, 13), (0.68, 192000, 24)]
[0.65, 12000, 'BUY'] 1
[(0.63, 84000, 9), (0.64, 284000, 10), (0.65, 16000, 1)], ,[(0.66, 128000, 15), (0.67, 176000, 13), (0.68, 192000, 24)]
[(0.63, 84000, 9), (0.64, 284000, 10), (0.65, 16000, 1)], ,[(0.66, 128000, 15), (0.67, 176000, 13), (0.68, 192000, 24)]
[(0.63, 84000, 9), (0.64, 284000, 10), (0.65, 16000, 1)], ,[(0.66, 128000, 15), (0.67, 176000, 13), (0.68, 192000, 24)]
[(0.63, 84000, 9), (0.64, 284000, 10), (0.65, 16000, 1)], ,[(0.66, 132000, 16), (0.67, 176000, 13), (0.68, 192000, 24)]
[(0.63, 84000, 9), (0.64, 284000, 10), (0.65, 16000, 1)], ,[(0.66, 132000, 16), (0.67, 176000, 13), (0.68, 192000, 24)]
[(0.63, 84000, 9), (0.64, 284000, 10), (0.65, 16000, 1)], ,[(0.66, 132000, 16), (0.67, 176000, 13), (0.68, 192000, 24)]
[(0.63, 84000, 9), (0.64, 284000, 10), (0.65, 16000, 1)], ,[(0.66, 132000, 16), (0.67, 176000, 13), (0.68, 192000, 24)]
[(0.63, 84000, 9), (0.64, 284000, 10), (0.65, 16000, 1)], ,[(0.66, 132000, 16), (0.67, 176000, 13), (0.68, 192000, 24)]
[(0.63, 84000, 9), (0.64, 284000, 10), (0.65, 8000, 1)], ,[(0.66, 132000, 16), (0.67, 176000, 13), (0.68, 192000, 24)]
[0.65, 8000, 'SELL'] 1
[(0.63, 84000, 9), (0.64, 284000, 10), (0.65, 8000, 1)], ,[(0.66, 132000, 16), (0.67, 176000, 13), (0.68, 192000, 24)]
[(0.63, 84000, 9), (0.64, 284000, 10), (0.65, 4000, 1)], ,[(0.66, 132000, 16), (0.67, 176000, 13), (0.68, 192000, 24)]
[0.65, 4000, 'SELL'] 1
[(0.63, 84000, 9), (0.64, 284000, 10), (0.65, 4000, 1)], ,[(0.66, 132000, 16), (0.67, 176000, 13), (0.68, 192000, 24)]
[(0.63, 84000, 9), (0.64, 284000, 10), (0.65, 4000, 1)], ,[(0.66, 132000, 16), (0.67, 176000, 13), (0.68, 192000, 24)]
[(0.63, 84000, 9), (0.64, 284000, 10), (0.65, 4000, 1)], ,[(0.66, 132000, 16), (0.67, 176000, 13), (0.68, 192000, 24)]
[(0.63, 84000, 9), (0.64, 284000, 10), (0.65, 4000, 1)], ,[(0.66, 132000, 16), (0.67, 176000, 13), (0.68, 192000, 24)]
[(0.63, 84000, 9), (0.64, 284000, 10), (0.65, 8000, 2)], ,[(0.66, 132000, 16), (0.67, 176000, 13), (0.68, 192000, 24)]
[(0.63, 84000, 9), (0.64, 284000, 10), (0.65, 4000, 1)], ,[(0.66, 132000, 16), (0.67, 176000, 13), (0.68, 192000, 24)]
[0.65, 4000, 'SELL'] 1
[(0.63, 84000, 9), (0.64, 284000, 10), (0.65, 44000, 2)], ,[(0.66, 132000, 16), (0.67, 176000, 13), (0.68, 192000, 24)]
[(0.63, 84000, 9), (0.64, 288000, 11), (0.65, 44000, 2)], ,[(0.66, 132000, 16), (0.67, 176000, 13), (0.68, 192000, 24)]
[(0.63, 84000, 9), (0.64, 288000, 11), (0.65, 44000, 2)], ,[(0.66, 128000, 15), (0.67, 176000, 13), (0.68, 192000, 24)]
[(0.63, 84000, 9), (0.64, 288000, 11), (0.65, 40000, 1)], ,[(0.66, 128000, 15), (0.67, 176000, 13), (0.68, 192000, 24)]
[0.65, 4000, 'SELL'] 1
[(0.63, 84000, 9), (0.64, 288000, 11), (0.65, 40000, 1)], ,[(0.66, 128000, 15), (0.67, 176000, 13), (0.68, 192000, 24)]
[(0.63, 84000, 9), (0.64, 288000, 11), (0.65, 44000, 2)], ,[(0.66, 128000, 15), (0.67, 176000, 13), (0.68, 192000, 24)]
[(0.63, 84000, 9), (0.64, 288000, 11), (0.65, 40000, 2)], ,[(0.66, 128000, 15), (0.67, 176000, 13), (0.68, 192000, 24)]
[0.65, 4000, 'SELL'] 1
[(0.62, 116000, 8), (0.63, 84000, 9), (0.64, 288000, 11)], ,[(0.65, 4000, 1), (0.66, 84000, 14), (0.67, 176000, 13)]
[0.65, 40000, 'SELL'] 1
[(0.62, 116000, 8), (0.63, 84000, 9), (0.64, 288000, 11)], ,[(0.65, 8000, 2), (0.66, 84000, 14), (0.67, 176000, 13)]
[(0.62, 116000, 8), (0.63, 84000, 9), (0.64, 288000, 11)], ,[(0.65, 8000, 2), (0.66, 84000, 14), (0.67, 172000, 12)]
[(0.62, 116000, 8), (0.63, 84000, 9), (0.64, 288000, 11)], ,[(0.65, 12000, 3), (0.66, 84000, 14), (0.67, 172000, 12)]
[(0.62, 116000, 8), (0.63, 84000, 9), (0.64, 288000, 11)], ,[(0.65, 4000, 1), (0.66, 84000, 14), (0.67, 172000, 12)]
[0.65, 8000, 'BUY'] 1
[(0.62, 124000, 9), (0.63, 84000, 9), (0.64, 288000, 11)], ,[(0.65, 4000, 1), (0.66, 84000, 14), (0.67, 172000, 12)]
[(0.63, 84000, 9), (0.64, 288000, 11), (0.65, 28000, 1)], ,[(0.66, 84000, 14), (0.67, 172000, 12), (0.68, 188000, 23)]
[0.65, 4000, 'BUY'] 1
[(0.63, 84000, 9), (0.64, 288000, 11), (0.65, 28000, 1)], ,[(0.66, 84000, 14), (0.67, 172000, 12), (0.68, 184000, 22)]
[(0.63, 84000, 9), (0.64, 288000, 11), (0.65, 28000, 1)], ,[(0.66, 88000, 15), (0.67, 172000, 12), (0.68, 184000, 22)]
[(0.63, 68000, 8), (0.64, 288000, 11), (0.65, 28000, 1)], ,[(0.66, 88000, 15), (0.67, 172000, 12), (0.68, 184000, 22)]
[(0.63, 68000, 8), (0.64, 388000, 12), (0.65, 28000, 1)], ,[(0.66, 88000, 15), (0.67, 172000, 12), (0.68, 184000, 22)]
[(0.63, 68000, 8), (0.64, 388000, 12), (0.65, 28000, 1)], ,[(0.66, 88000, 15), (0.67, 176000, 13), (0.68, 184000, 22)]
[(0.63, 68000, 8), (0.64, 388000, 12), (0.65, 28000, 1)], ,[(0.66, 88000, 15), (0.67, 172000, 12), (0.68, 184000, 22)]
[(0.63, 68000, 8), (0.64, 388000, 12), (0.65, 28000, 1)], ,[(0.66, 92000, 16), (0.67, 172000, 12), (0.68, 184000, 22)]
[(0.63, 68000, 8), (0.64, 388000, 12), (0.65, 28000, 1)], ,[(0.66, 52000, 11), (0.67, 172000, 12), (0.68, 184000, 22)]
[0.66, 40000, 'BUY'] 1
[(0.63, 68000, 8), (0.64, 388000, 12), (0.65, 28000, 1)], ,[(0.66, 56000, 12), (0.67, 172000, 12), (0.68, 184000, 22)]
[(0.63, 68000, 8), (0.64, 388000, 12), (0.65, 28000, 1)], ,[(0.66, 56000, 12), (0.67, 176000, 13), (0.68, 184000, 22)]
[(0.63, 68000, 8), (0.64, 388000, 12), (0.65, 28000, 1)], ,[(0.66, 56000, 12), (0.67, 176000, 13), (0.68, 188000, 23)]
[(0.63, 68000, 8), (0.64, 388000, 12), (0.65, 28000, 1)], ,[(0.66, 72000, 13), (0.67, 176000, 13), (0.68, 188000, 23)]
[(0.63, 68000, 8), (0.64, 388000, 12), (0.65, 68000, 2)], ,[(0.66, 72000, 13), (0.67, 176000, 13), (0.68, 188000, 23)]
[(0.63, 68000, 8), (0.64, 388000, 12), (0.65, 68000, 2)], ,[(0.66, 24000, 3), (0.67, 176000, 13), (0.68, 188000, 23)]
[0.66, 48000, 'BUY'] 1
[(0.63, 68000, 8), (0.64, 388000, 12), (0.65, 72000, 3)], ,[(0.66, 24000, 3), (0.67, 176000, 13), (0.68, 188000, 23)]
[(0.63, 68000, 8), (0.64, 388000, 12), (0.65, 112000, 4)], ,[(0.66, 24000, 3), (0.67, 176000, 13), (0.68, 188000, 23)]
[(0.63, 68000, 8), (0.64, 388000, 12), (0.65, 116000, 5)], ,[(0.66, 24000, 3), (0.67, 176000, 13), (0.68, 188000, 23)]
[(0.63, 68000, 8), (0.64, 388000, 12), (0.65, 116000, 5)], ,[(0.66, 28000, 4), (0.67, 176000, 13), (0.68, 188000, 23)]
[(0.63, 68000, 8), (0.64, 388000, 12), (0.65, 152000, 6)], ,[(0.66, 28000, 4), (0.67, 176000, 13), (0.68, 188000, 23)]
[(0.63, 68000, 8), (0.64, 388000, 12), (0.65, 152000, 6)], ,[(0.66, 12000, 2), (0.67, 176000, 13), (0.68, 188000, 23)]
[0.66, 16000, 'BUY'] 1
[(0.64, 388000, 12), (0.65, 152000, 6), (0.66, 40000, 1)], ,[(0.67, 176000, 13), (0.68, 188000, 23), (0.69, 68000, 15)]
[0.66, 12000, 'BUY'] 1
[(0.64, 388000, 12), (0.65, 152000, 6), (0.66, 52000, 2)], ,[(0.67, 176000, 13), (0.68, 188000, 23), (0.69, 68000, 15)]
[(0.64, 388000, 12), (0.65, 152000, 6), (0.66, 56000, 3)], ,[(0.67, 176000, 13), (0.68, 188000, 23), (0.69, 68000, 15)]
[(0.64, 388000, 12), (0.65, 152000, 6), (0.66, 60000, 4)], ,[(0.67, 176000, 13), (0.68, 188000, 23), (0.69, 68000, 15)]
[(0.64, 388000, 12), (0.65, 152000, 6), (0.66, 52000, 4)], ,[(0.67, 176000, 13), (0.68, 188000, 23), (0.69, 68000, 15)]
[0.66, 8000, 'SELL'] 1
[(0.64, 392000, 13), (0.65, 152000, 6), (0.66, 52000, 4)], ,[(0.67, 176000, 13), (0.68, 188000, 23), (0.69, 68000, 15)]
[(0.64, 392000, 13), (0.65, 152000, 6), (0.66, 52000, 4)], ,[(0.67, 176000, 13), (0.68, 188000, 23), (0.69, 68000, 15)]
[(0.64, 392000, 13), (0.65, 152000, 6), (0.66, 48000, 4)], ,[(0.67, 176000, 13), (0.68, 188000, 23), (0.69, 68000, 15)]
[0.66, 4000, 'SELL'] 1
[(0.64, 392000, 13), (0.65, 152000, 6), (0.66, 44000, 4)], ,[(0.67, 176000, 13), (0.68, 188000, 23), (0.69, 68000, 15)]
[0.66, 4000, 'SELL'] 1
[(0.64, 372000, 12), (0.65, 152000, 6), (0.66, 44000, 4)], ,[(0.67, 176000, 13), (0.68, 188000, 23), (0.69, 68000, 15)]
[(0.64, 372000, 12), (0.65, 352000, 7), (0.66, 44000, 4)], ,[(0.67, 176000, 13), (0.68, 188000, 23), (0.69, 68000, 15)]
[(0.64, 372000, 12), (0.65, 352000, 7), (0.66, 44000, 4)], ,[(0.67, 172000, 12), (0.68, 188000, 23), (0.69, 68000, 15)]
[(0.64, 372000, 12), (0.65, 352000, 7), (0.66, 40000, 4)], ,[(0.67, 172000, 12), (0.68, 188000, 23), (0.69, 68000, 15)]
[0.66, 4000, 'SELL'] 1
[(0.64, 372000, 12), (0.65, 352000, 7), (0.66, 40000, 4)], ,[(0.67, 172000, 12), (0.68, 188000, 23), (0.69, 64000, 14)]
[(0.64, 372000, 12), (0.65, 352000, 7), (0.66, 36000, 4)], ,[(0.67, 172000, 12), (0.68, 188000, 23), (0.69, 64000, 14)]
[0.66, 4000, 'SELL'] 1
[(0.64, 340000, 11), (0.65, 352000, 7), (0.66, 36000, 4)], ,[(0.67, 172000, 12), (0.68, 188000, 23), (0.69, 64000, 14)]
[(0.64, 340000, 11), (0.65, 352000, 7), (0.66, 28000, 4)], ,[(0.67, 172000, 12), (0.68, 188000, 23), (0.69, 64000, 14)]
[0.66, 8000, 'SELL'] 1
[(0.64, 340000, 11), (0.65, 352000, 7), (0.66, 24000, 4)], ,[(0.67, 172000, 12), (0.68, 188000, 23), (0.69, 64000, 14)]
[0.66, 4000, 'SELL'] 1
[(0.64, 308000, 10), (0.65, 352000, 7), (0.66, 24000, 4)], ,[(0.67, 172000, 12), (0.68, 188000, 23), (0.69, 64000, 14)]
[(0.64, 308000, 10), (0.65, 352000, 7), (0.66, 64000, 5)], ,[(0.67, 172000, 12), (0.68, 188000, 23), (0.69, 64000, 14)]
[(0.64, 308000, 10), (0.65, 352000, 7), (0.66, 92000, 6)], ,[(0.67, 172000, 12), (0.68, 188000, 23), (0.69, 64000, 14)]
[(0.64, 308000, 10), (0.65, 352000, 7), (0.66, 92000, 6)], ,[(0.67, 176000, 13), (0.68, 188000, 23), (0.69, 64000, 14)]
[(0.64, 308000, 10), (0.65, 352000, 7), (0.66, 88000, 5)], ,[(0.67, 176000, 13), (0.68, 188000, 23), (0.69, 64000, 14)]
[0.66, 4000, 'SELL'] 1
[(0.64, 308000, 10), (0.65, 352000, 7), (0.66, 88000, 5)], ,[(0.67, 28000, 4), (0.68, 188000, 23), (0.69, 64000, 14)]
[0.67, 148000, 'BUY'] 1
[(0.64, 308000, 10), (0.65, 352000, 7), (0.66, 80000, 5)], ,[(0.67, 28000, 4), (0.68, 188000, 23), (0.69, 64000, 14)]
[0.66, 8000, 'SELL'] 1
[(0.64, 308000, 10), (0.65, 352000, 7), (0.66, 80000, 5)], ,[(0.67, 28000, 4), (0.68, 188000, 23), (0.69, 64000, 14)]
[(0.65, 352000, 7), (0.66, 80000, 5), (0.67, 32000, 1)], ,[(0.68, 188000, 23), (0.69, 64000, 14), (0.7, 144000, 28)]
[0.67, 28000, 'BUY'] 1
[(0.65, 352000, 7), (0.66, 80000, 5), (0.67, 28000, 1)], ,[(0.68, 188000, 23), (0.69, 64000, 14), (0.7, 144000, 28)]
[0.67, 4000, 'SELL'] 1
[(0.65, 352000, 7), (0.66, 80000, 5), (0.67, 24000, 1)], ,[(0.68, 188000, 23), (0.69, 64000, 14), (0.7, 144000, 28)]
[0.67, 4000, 'SELL'] 1
[(0.65, 352000, 7), (0.66, 80000, 5), (0.67, 20000, 1)], ,[(0.68, 188000, 23), (0.69, 64000, 14), (0.7, 144000, 28)]
[0.67, 4000, 'SELL'] 1
[(0.65, 352000, 7), (0.66, 180000, 6), (0.67, 20000, 1)], ,[(0.68, 188000, 23), (0.69, 64000, 14), (0.7, 144000, 28)]
[(0.65, 352000, 7), (0.66, 80000, 5), (0.67, 20000, 1)], ,[(0.68, 188000, 23), (0.69, 64000, 14), (0.7, 144000, 28)]
[(0.64, 308000, 10), (0.65, 352000, 7), (0.66, 80000, 5)], ,[(0.68, 188000, 23), (0.69, 64000, 14), (0.7, 144000, 28)]
[0.67, 20000, 'SELL'] 1
[(0.64, 308000, 10), (0.65, 352000, 7), (0.66, 80000, 5)], ,[(0.67, 4000, 1), (0.68, 188000, 23), (0.69, 64000, 14)]
[(0.65, 352000, 7), (0.66, 80000, 5), (0.67, 44000, 1)], ,[(0.68, 188000, 23), (0.69, 64000, 14), (0.7, 144000, 28)]
[0.67, 4000, 'BUY'] 1
[(0.65, 352000, 7), (0.66, 80000, 5), (0.67, 40000, 1)], ,[(0.68, 188000, 23), (0.69, 64000, 14), (0.7, 144000, 28)]
[0.67, 4000, 'SELL'] 1
[(0.65, 352000, 7), (0.66, 80000, 5), (0.67, 36000, 1)], ,[(0.68, 188000, 23), (0.69, 64000, 14), (0.7, 144000, 28)]
[0.67, 4000, 'SELL'] 1
[(0.65, 352000, 7), (0.66, 80000, 5), (0.67, 36000, 1)], ,[(0.68, 192000, 24), (0.69, 64000, 14), (0.7, 144000, 28)]
[(0.65, 352000, 7), (0.66, 80000, 5), (0.67, 36000, 1)], ,[(0.68, 196000, 25), (0.69, 64000, 14), (0.7, 144000, 28)]
[(0.65, 352000, 7), (0.66, 92000, 6), (0.67, 36000, 1)], ,[(0.68, 196000, 25), (0.69, 64000, 14), (0.7, 144000, 28)]
[(0.65, 352000, 7), (0.66, 92000, 6), (0.67, 36000, 1)], ,[(0.68, 196000, 25), (0.69, 64000, 14), (0.7, 144000, 28)]
[(0.65, 352000, 7), (0.66, 92000, 6), (0.67, 36000, 1)], ,[(0.68, 196000, 25), (0.69, 64000, 14), (0.7, 144000, 28)]
[(0.65, 352000, 7), (0.66, 92000, 6), (0.67, 36000, 1)], ,[(0.68, 196000, 25), (0.69, 64000, 14), (0.7, 144000, 28)]
[(0.65, 352000, 7), (0.66, 92000, 6), (0.67, 36000, 1)], ,[(0.68, 196000, 25), (0.69, 64000, 14), (0.7, 144000, 28)]
[(0.65, 352000, 7), (0.66, 92000, 6), (0.67, 32000, 1)], ,[(0.68, 196000, 25), (0.69, 64000, 14), (0.7, 144000, 28)]
[0.67, 4000, 'SELL'] 1
[(0.65, 352000, 7), (0.66, 92000, 6), (0.67, 32000, 1)], ,[(0.68, 196000, 25), (0.69, 64000, 14), (0.7, 144000, 28)]
[(0.65, 352000, 7), (0.66, 92000, 6), (0.67, 32000, 1)], ,[(0.68, 196000, 25), (0.69, 64000, 14), (0.7, 144000, 28)]
[(0.65, 352000, 7), (0.66, 112000, 7), (0.67, 32000, 1)], ,[(0.68, 196000, 25), (0.69, 64000, 14), (0.7, 144000, 28)]
[(0.65, 352000, 7), (0.66, 112000, 7), (0.67, 32000, 1)], ,[(0.68, 196000, 25), (0.69, 64000, 14), (0.7, 140000, 27)]
[(0.65, 352000, 7), (0.66, 112000, 7), (0.67, 32000, 1)], ,[(0.68, 196000, 25), (0.69, 60000, 13), (0.7, 140000, 27)]
[(0.65, 352000, 7), (0.66, 112000, 7), (0.67, 32000, 1)], ,[(0.68, 196000, 25), (0.69, 64000, 14), (0.7, 140000, 27)]
[(0.65, 352000, 7), (0.66, 112000, 7), (0.67, 28000, 1)], ,[(0.68, 196000, 25), (0.69, 64000, 14), (0.7, 140000, 27)]
[0.67, 4000, 'SELL'] 1
[(0.65, 352000, 7), (0.66, 112000, 7), (0.67, 128000, 2)], ,[(0.68, 196000, 25), (0.69, 64000, 14), (0.7, 140000, 27)]
[(0.65, 352000, 7), (0.66, 112000, 7), (0.67, 128000, 2)], ,[(0.68, 196000, 25), (0.69, 68000, 15), (0.7, 140000, 27)]
[(0.65, 352000, 7), (0.66, 112000, 7), (0.67, 124000, 2)], ,[(0.68, 196000, 25), (0.69, 68000, 15), (0.7, 140000, 27)]
[0.67, 4000, 'SELL'] 1
[(0.65, 352000, 7), (0.66, 112000, 7), (0.67, 124000, 2)], ,[(0.68, 196000, 25), (0.69, 68000, 15), (0.7, 140000, 27)]
[(0.65, 352000, 7), (0.66, 112000, 7), (0.67, 120000, 2)], ,[(0.68, 196000, 25), (0.69, 68000, 15), (0.7, 140000, 27)]
[0.67, 4000, 'SELL'] 1
[(0.65, 352000, 7), (0.66, 116000, 8), (0.67, 120000, 2)], ,[(0.68, 196000, 25), (0.69, 68000, 15), (0.7, 140000, 27)]
[(0.65, 352000, 7), (0.66, 116000, 8), (0.67, 116000, 2)], ,[(0.68, 196000, 25), (0.69, 68000, 15), (0.7, 140000, 27)]
[0.67, 4000, 'SELL'] 1
[(0.65, 348000, 6), (0.66, 116000, 8), (0.67, 116000, 2)], ,[(0.68, 196000, 25), (0.69, 68000, 15), (0.7, 140000, 27)]
[(0.65, 348000, 6), (0.66, 116000, 8), (0.67, 116000, 2)], ,[(0.68, 200000, 26), (0.69, 68000, 15), (0.7, 140000, 27)]
[(0.65, 348000, 6), (0.66, 116000, 8), (0.67, 116000, 2)], ,[(0.68, 204000, 27), (0.69, 68000, 15), (0.7, 140000, 27)]
[(0.65, 348000, 6), (0.66, 116000, 8), (0.67, 116000, 2)], ,[(0.68, 200000, 26), (0.69, 68000, 15), (0.7, 140000, 27)]
[0.68, 4000, 'BUY'] 1
[(0.65, 348000, 6), (0.66, 116000, 8), (0.67, 112000, 2)], ,[(0.68, 200000, 26), (0.69, 68000, 15), (0.7, 140000, 27)]
[0.67, 4000, 'SELL'] 1
[(0.65, 348000, 6), (0.66, 116000, 8), (0.67, 120000, 3)], ,[(0.68, 200000, 26), (0.69, 68000, 15), (0.7, 140000, 27)]
[(0.65, 348000, 6), (0.66, 116000, 8), (0.67, 20000, 2)], ,[(0.68, 200000, 26), (0.69, 68000, 15), (0.7, 140000, 27)]
[0.67, 100000, 'SELL'] 1
[(0.64, 284000, 9), (0.65, 348000, 6), (0.66, 116000, 8)], ,[(0.67, 20000, 1), (0.68, 200000, 26), (0.69, 68000, 15)]
[0.67, 20000, 'SELL'] 1
[(0.64, 284000, 9), (0.65, 348000, 6), (0.66, 116000, 8)], ,[(0.67, 28000, 2), (0.68, 200000, 26), (0.69, 68000, 15)]
[(0.64, 284000, 9), (0.65, 348000, 6), (0.66, 116000, 8)], ,[(0.67, 20000, 2), (0.68, 200000, 26), (0.69, 68000, 15)]
[0.67, 8000, 'BUY'] 1
[(0.64, 284000, 9), (0.65, 348000, 6), (0.66, 116000, 8)], ,[(0.67, 20000, 2), (0.68, 200000, 26), (0.69, 68000, 15)]
[(0.64, 284000, 9), (0.65, 348000, 6), (0.66, 116000, 8)], ,[(0.67, 20000, 2), (0.68, 196000, 25), (0.69, 68000, 15)]
[(0.64, 284000, 9), (0.65, 348000, 6), (0.66, 116000, 8)], ,[(0.67, 12000, 1), (0.68, 196000, 25), (0.69, 68000, 15)]
[(0.64, 284000, 9), (0.65, 348000, 6), (0.66, 116000, 8)], ,[(0.67, 8000, 1), (0.68, 196000, 25), (0.69, 68000, 15)]
[0.67, 4000, 'BUY'] 1
[(0.64, 284000, 9), (0.65, 348000, 6), (0.66, 116000, 8)], ,[(0.67, 12000, 2), (0.68, 196000, 25), (0.69, 68000, 15)]
[(0.64, 284000, 9), (0.65, 348000, 6), (0.66, 116000, 8)], ,[(0.67, 16000, 3), (0.68, 196000, 25), (0.69, 68000, 15)]
[(0.64, 284000, 9), (0.65, 348000, 6), (0.66, 116000, 8)], ,[(0.67, 16000, 3), (0.68, 196000, 25), (0.69, 68000, 15)]
[(0.64, 284000, 9), (0.65, 348000, 6), (0.66, 116000, 8)], ,[(0.67, 20000, 4), (0.68, 196000, 25), (0.69, 68000, 15)]
[(0.64, 284000, 9), (0.65, 348000, 6), (0.66, 116000, 8)], ,[(0.67, 20000, 4), (0.68, 196000, 25), (0.69, 68000, 15)]
[(0.64, 284000, 9), (0.65, 348000, 6), (0.66, 116000, 8)], ,[(0.67, 20000, 4), (0.68, 196000, 25), (0.69, 64000, 14)]
[(0.64, 284000, 9), (0.65, 348000, 6), (0.66, 116000, 8)], ,[(0.67, 16000, 3), (0.68, 196000, 25), (0.69, 64000, 14)]
[(0.64, 284000, 9), (0.65, 348000, 6), (0.66, 116000, 8)], ,[(0.67, 16000, 3), (0.68, 200000, 26), (0.69, 64000, 14)]
[(0.64, 284000, 9), (0.65, 348000, 6), (0.66, 116000, 8)], ,[(0.67, 16000, 3), (0.68, 204000, 27), (0.69, 64000, 14)]
[(0.64, 284000, 9), (0.65, 348000, 6), (0.66, 116000, 8)], ,[(0.67, 16000, 3), (0.68, 204000, 27), (0.69, 64000, 14)]
[(0.64, 284000, 9), (0.65, 348000, 6), (0.66, 116000, 8)], ,[(0.67, 8000, 2), (0.68, 204000, 27), (0.69, 64000, 14)]
[(0.64, 284000, 9), (0.65, 348000, 6), (0.66, 128000, 9)], ,[(0.67, 8000, 2), (0.68, 204000, 27), (0.69, 64000, 14)]
[(0.64, 284000, 9), (0.65, 348000, 6), (0.66, 128000, 9)], ,[(0.68, 204000, 27), (0.69, 64000, 14), (0.7, 144000, 28)]
[0.67, 8000, 'BUY'] 1
[(0.64, 284000, 9), (0.65, 348000, 6), (0.66, 116000, 8)], ,[(0.68, 204000, 27), (0.69, 64000, 14), (0.7, 144000, 28)]
[(0.64, 284000, 9), (0.65, 348000, 6), (0.66, 124000, 9)], ,[(0.68, 204000, 27), (0.69, 64000, 14), (0.7, 144000, 28)]
[(0.64, 284000, 9), (0.65, 348000, 6), (0.66, 124000, 9)], ,[(0.68, 200000, 26), (0.69, 64000, 14), (0.7, 144000, 28)]
[(0.64, 284000, 9), (0.65, 348000, 6), (0.66, 124000, 9)], ,[(0.67, 100000, 1), (0.68, 200000, 26), (0.69, 64000, 14)]
[(0.64, 284000, 9), (0.65, 360000, 7), (0.66, 112000, 8)], ,[(0.67, 100000, 1), (0.68, 200000, 26), (0.69, 64000, 14)]
[(0.64, 284000, 9), (0.65, 360000, 7), (0.66, 112000, 8)], ,[(0.67, 104000, 2), (0.68, 200000, 26), (0.69, 64000, 14)]
[(0.64, 284000, 9), (0.65, 360000, 7), (0.66, 112000, 8)], ,[(0.67, 108000, 3), (0.68, 200000, 26), (0.69, 64000, 14)]
[(0.64, 284000, 9), (0.65, 360000, 7), (0.66, 112000, 8)], ,[(0.67, 108000, 3), (0.68, 196000, 25), (0.69, 64000, 14)]
[(0.64, 284000, 9), (0.65, 360000, 7), (0.66, 112000, 8)], ,[(0.67, 112000, 4), (0.68, 196000, 25), (0.69, 64000, 14)]
[(0.64, 284000, 9), (0.65, 360000, 7), (0.66, 112000, 8)], ,[(0.67, 116000, 5), (0.68, 192000, 24), (0.69, 64000, 14)]
[(0.64, 284000, 9), (0.65, 360000, 7), (0.66, 112000, 8)], ,[(0.67, 120000, 6), (0.68, 192000, 24), (0.69, 64000, 14)]
[(0.64, 284000, 9), (0.65, 360000, 7), (0.66, 112000, 8)], ,[(0.67, 128000, 7), (0.68, 192000, 24), (0.69, 64000, 14)]
[(0.64, 284000, 9), (0.65, 360000, 7), (0.66, 112000, 8)], ,[(0.67, 132000, 8), (0.68, 192000, 24), (0.69, 64000, 14)]
[(0.64, 284000, 9), (0.65, 360000, 7), (0.66, 112000, 8)], ,[(0.67, 132000, 8), (0.68, 192000, 24), (0.69, 64000, 14)]
[(0.64, 284000, 9), (0.65, 360000, 7), (0.66, 152000, 9)], ,[(0.67, 132000, 8), (0.68, 192000, 24), (0.69, 64000, 14)]
[(0.64, 296000, 10), (0.65, 360000, 7), (0.66, 152000, 9)], ,[(0.67, 132000, 8), (0.68, 192000, 24), (0.69, 64000, 14)]
[(0.64, 296000, 10), (0.65, 360000, 7), (0.66, 152000, 9)], ,[(0.67, 132000, 8), (0.68, 192000, 24), (0.69, 64000, 14)]
[(0.64, 296000, 10), (0.65, 360000, 7), (0.66, 152000, 9)], ,[(0.67, 132000, 8), (0.68, 192000, 24), (0.69, 68000, 15)]
[(0.64, 296000, 10), (0.65, 360000, 7), (0.66, 152000, 9)], ,[(0.67, 136000, 9), (0.68, 192000, 24), (0.69, 68000, 15)]
[(0.64, 296000, 10), (0.65, 360000, 7), (0.66, 152000, 9)], ,[(0.67, 136000, 9), (0.68, 188000, 23), (0.69, 68000, 15)]
[(0.64, 296000, 10), (0.65, 360000, 7), (0.66, 152000, 9)], ,[(0.67, 36000, 8), (0.68, 188000, 23), (0.69, 68000, 15)]
[(0.64, 216000, 9), (0.65, 360000, 7), (0.66, 152000, 9)], ,[(0.67, 36000, 8), (0.68, 188000, 23), (0.69, 68000, 15)]
[(0.64, 216000, 9), (0.65, 360000, 7), (0.66, 152000, 9)], ,[(0.67, 36000, 8), (0.68, 192000, 24), (0.69, 68000, 15)]
[(0.64, 216000, 9), (0.65, 360000, 7), (0.66, 152000, 9)], ,[(0.67, 48000, 9), (0.68, 192000, 24), (0.69, 68000, 15)]
[(0.64, 216000, 9), (0.65, 360000, 7), (0.66, 252000, 10)], ,[(0.67, 48000, 9), (0.68, 192000, 24), (0.69, 68000, 15)]
[(0.64, 216000, 9), (0.65, 360000, 7), (0.66, 252000, 10)], ,[(0.67, 36000, 6), (0.68, 192000, 24), (0.69, 68000, 15)]
[0.67, 12000, 'BUY'] 1
[(0.64, 216000, 9), (0.65, 360000, 7), (0.66, 88000, 1)], ,[(0.67, 36000, 6), (0.68, 192000, 24), (0.69, 68000, 15)]
[0.66, 164000, 'SELL'] 1
[(0.64, 216000, 9), (0.65, 360000, 7), (0.66, 128000, 2)], ,[(0.67, 36000, 6), (0.68, 192000, 24), (0.69, 68000, 15)]
[(0.64, 216000, 9), (0.65, 360000, 7), (0.66, 124000, 2)], ,[(0.67, 36000, 6), (0.68, 192000, 24), (0.69, 68000, 15)]
[0.66, 4000, 'SELL'] 1
[(0.64, 216000, 9), (0.65, 360000, 7), (0.66, 132000, 3)], ,[(0.67, 36000, 6), (0.68, 192000, 24), (0.69, 68000, 15)]
[(0.64, 216000, 9), (0.65, 360000, 7), (0.66, 136000, 4)], ,[(0.67, 36000, 6), (0.68, 192000, 24), (0.69, 68000, 15)]
[(0.64, 216000, 9), (0.65, 360000, 7), (0.66, 136000, 4)], ,[(0.67, 36000, 6), (0.68, 192000, 24), (0.69, 68000, 15)]
[(0.64, 216000, 9), (0.65, 360000, 7), (0.66, 136000, 4)], ,[(0.67, 40000, 7), (0.68, 192000, 24), (0.69, 68000, 15)]
[(0.64, 216000, 9), (0.65, 360000, 7), (0.66, 196000, 5)], ,[(0.67, 40000, 7), (0.68, 192000, 24), (0.69, 68000, 15)]
[(0.64, 216000, 9), (0.65, 360000, 7), (0.66, 196000, 5)], ,[(0.67, 40000, 7), (0.68, 196000, 25), (0.69, 68000, 15)]
[(0.64, 216000, 9), (0.65, 360000, 7), (0.66, 196000, 5)], ,[(0.67, 32000, 5), (0.68, 196000, 25), (0.69, 68000, 15)]
[0.67, 8000, 'BUY'] 1
[(0.64, 216000, 9), (0.65, 360000, 7), (0.66, 196000, 5)], ,[(0.67, 32000, 5), (0.68, 196000, 25), (0.69, 68000, 15)]
[(0.64, 216000, 9), (0.65, 360000, 7), (0.66, 196000, 5)], ,[(0.67, 36000, 6), (0.68, 196000, 25), (0.69, 68000, 15)]
[(0.64, 216000, 9), (0.65, 360000, 7), (0.66, 196000, 5)], ,[(0.67, 40000, 7), (0.68, 196000, 25), (0.69, 68000, 15)]
[(0.64, 216000, 9), (0.65, 360000, 7), (0.66, 196000, 5)], ,[(0.67, 40000, 7), (0.68, 192000, 24), (0.69, 68000, 15)]
[(0.64, 216000, 9), (0.65, 360000, 7), (0.66, 196000, 5)], ,[(0.67, 44000, 8), (0.68, 192000, 24), (0.69, 68000, 15)]
[(0.64, 216000, 9), (0.65, 360000, 7), (0.66, 196000, 5)], ,[(0.67, 40000, 8), (0.68, 192000, 24), (0.69, 68000, 15)]
[0.67, 4000, 'BUY'] 1
[(0.64, 216000, 9), (0.65, 360000, 7), (0.66, 196000, 5)], ,[(0.67, 44000, 9), (0.68, 192000, 24), (0.69, 68000, 15)]
[(0.64, 216000, 9), (0.65, 360000, 7), (0.66, 196000, 5)], ,[(0.67, 44000, 9), (0.68, 192000, 24), (0.69, 68000, 15)]
[(0.64, 216000, 9), (0.65, 360000, 7), (0.66, 196000, 5)], ,[(0.67, 44000, 9), (0.68, 188000, 23), (0.69, 68000, 15)]
[(0.65, 360000, 7), (0.66, 196000, 5), (0.67, 4000, 1)], ,[(0.68, 188000, 23), (0.69, 68000, 15), (0.7, 132000, 25)]
[0.67, 44000, 'BUY'] 1
[(0.64, 216000, 9), (0.65, 360000, 7), (0.66, 196000, 5)], ,[(0.68, 188000, 23), (0.69, 68000, 15), (0.7, 132000, 25)]
[0.67, 4000, 'SELL'] 1
[(0.64, 216000, 9), (0.65, 360000, 7), (0.66, 196000, 5)], ,[(0.67, 40000, 1), (0.68, 188000, 23), (0.69, 68000, 15)]
[(0.64, 216000, 9), (0.65, 360000, 7), (0.66, 196000, 5)], ,[(0.67, 44000, 2), (0.68, 188000, 23), (0.69, 68000, 15)]
[(0.64, 216000, 9), (0.65, 360000, 7), (0.66, 192000, 4)], ,[(0.67, 44000, 2), (0.68, 188000, 23), (0.69, 68000, 15)]
[(0.64, 216000, 9), (0.65, 360000, 7), (0.66, 192000, 4)], ,[(0.67, 40000, 2), (0.68, 188000, 23), (0.69, 68000, 15)]
[0.67, 4000, 'BUY'] 1
[(0.64, 216000, 9), (0.65, 360000, 7), (0.66, 192000, 4)], ,[(0.67, 40000, 2), (0.68, 188000, 23), (0.69, 68000, 15)]
[(0.64, 220000, 10), (0.65, 360000, 7), (0.66, 192000, 4)], ,[(0.67, 40000, 2), (0.68, 188000, 23), (0.69, 68000, 15)]
[(0.64, 220000, 10), (0.65, 360000, 7), (0.66, 192000, 4)], ,[(0.67, 36000, 2), (0.68, 188000, 23), (0.69, 68000, 15)]
[0.67, 4000, 'BUY'] 1
[(0.64, 220000, 10), (0.65, 360000, 7), (0.66, 192000, 4)], ,[(0.67, 40000, 3), (0.68, 188000, 23), (0.69, 68000, 15)]
[(0.64, 220000, 10), (0.65, 360000, 7), (0.66, 192000, 4)], ,[(0.67, 44000, 4), (0.68, 188000, 23), (0.69, 68000, 15)]
[(0.64, 220000, 10), (0.65, 360000, 7), (0.66, 192000, 4)], ,[(0.67, 48000, 5), (0.68, 188000, 23), (0.69, 68000, 15)]
[(0.64, 220000, 10), (0.65, 320000, 6), (0.66, 192000, 4)], ,[(0.67, 48000, 5), (0.68, 188000, 23), (0.69, 68000, 15)]
[(0.64, 180000, 9), (0.65, 320000, 6), (0.66, 192000, 4)], ,[(0.67, 48000, 5), (0.68, 188000, 23), (0.69, 68000, 15)]
[(0.64, 180000, 9), (0.65, 320000, 6), (0.66, 188000, 4)], ,[(0.67, 48000, 5), (0.68, 188000, 23), (0.69, 68000, 15)]
[0.66, 4000, 'SELL'] 1
[(0.64, 176000, 8), (0.65, 320000, 6), (0.66, 188000, 4)], ,[(0.67, 48000, 5), (0.68, 188000, 23), (0.69, 68000, 15)]
[(0.64, 176000, 8), (0.65, 320000, 6), (0.66, 228000, 5)], ,[(0.67, 48000, 5), (0.68, 188000, 23), (0.69, 68000, 15)]
[(0.64, 176000, 8), (0.65, 320000, 6), (0.66, 224000, 5)], ,[(0.67, 48000, 5), (0.68, 188000, 23), (0.69, 68000, 15)]
[0.66, 4000, 'SELL'] 1
[(0.64, 176000, 8), (0.65, 320000, 6), (0.66, 224000, 5)], ,[(0.67, 44000, 4), (0.68, 188000, 23), (0.69, 68000, 15)]
[(0.64, 176000, 8), (0.65, 320000, 6), (0.66, 224000, 5)], ,[(0.68, 180000, 23), (0.69, 68000, 15), (0.7, 128000, 24)]
[0.68, 52000, 'BUY'] 1
[(0.64, 176000, 8), (0.65, 320000, 6), (0.66, 232000, 6)], ,[(0.68, 180000, 23), (0.69, 68000, 15), (0.7, 128000, 24)]
[(0.64, 176000, 8), (0.65, 320000, 6), (0.66, 232000, 6)], ,[(0.67, 40000, 1), (0.68, 180000, 23), (0.69, 68000, 15)]
[(0.64, 176000, 8), (0.65, 320000, 6), (0.66, 232000, 6)], ,[(0.67, 32000, 1), (0.68, 180000, 23), (0.69, 68000, 15)]
[0.67, 8000, 'BUY'] 1
[(0.64, 176000, 8), (0.65, 320000, 6), (0.66, 232000, 6)], ,[(0.67, 24000, 1), (0.68, 180000, 23), (0.69, 68000, 15)]
[0.67, 8000, 'BUY'] 1
[(0.64, 176000, 8), (0.65, 320000, 6), (0.66, 232000, 6)], ,[(0.67, 24000, 1), (0.68, 184000, 24), (0.69, 68000, 15)]
[(0.64, 176000, 8), (0.65, 320000, 6), (0.66, 232000, 6)], ,[(0.67, 28000, 2), (0.68, 184000, 24), (0.69, 68000, 15)]
[(0.64, 176000, 8), (0.65, 320000, 6), (0.66, 232000, 6)], ,[(0.67, 28000, 2), (0.68, 180000, 23), (0.69, 68000, 15)]
[(0.64, 176000, 8), (0.65, 320000, 6), (0.66, 232000, 6)], ,[(0.67, 16000, 2), (0.68, 180000, 23), (0.69, 68000, 15)]
[0.67, 12000, 'BUY'] 1
[(0.64, 176000, 8), (0.65, 320000, 6), (0.66, 104000, 3)], ,[(0.67, 16000, 2), (0.68, 180000, 23), (0.69, 68000, 15)]
[0.66, 128000, 'SELL'] 1
[(0.64, 176000, 8), (0.65, 320000, 6), (0.66, 104000, 3)], ,[(0.67, 32000, 3), (0.68, 180000, 23), (0.69, 68000, 15)]
[(0.64, 176000, 8), (0.65, 308000, 5), (0.66, 104000, 3)], ,[(0.67, 32000, 3), (0.68, 180000, 23), (0.69, 68000, 15)]
[(0.64, 176000, 8), (0.65, 308000, 5), (0.66, 104000, 3)], ,[(0.67, 36000, 4), (0.68, 180000, 23), (0.69, 68000, 15)]
[(0.64, 176000, 8), (0.65, 308000, 5), (0.66, 112000, 4)], ,[(0.67, 36000, 4), (0.68, 180000, 23), (0.69, 68000, 15)]
[(0.64, 176000, 8), (0.65, 308000, 5), (0.66, 112000, 4)], ,[(0.67, 24000, 3), (0.68, 180000, 23), (0.69, 68000, 15)]
[(0.64, 176000, 8), (0.65, 308000, 5), (0.66, 100000, 4)], ,[(0.67, 24000, 3), (0.68, 180000, 23), (0.69, 68000, 15)]
[0.66, 12000, 'SELL'] 1
[(0.64, 172000, 7), (0.65, 308000, 5), (0.66, 100000, 4)], ,[(0.67, 24000, 3), (0.68, 180000, 23), (0.69, 68000, 15)]
[(0.64, 228000, 8), (0.65, 308000, 5), (0.66, 100000, 4)], ,[(0.67, 24000, 3), (0.68, 180000, 23), (0.69, 68000, 15)]
[(0.64, 228000, 8), (0.65, 308000, 5), (0.66, 100000, 4)], ,[(0.67, 36000, 4), (0.68, 180000, 23), (0.69, 68000, 15)]